replay_version 2.0
stopped_at 320
seed 100
recorded_at Thu Aug 19 07:36:22 2021
[:mouse_move, 802, 92, 2, 1, 51]
[:mouse_move, 800, 95, 2, 2, 51]
[:mouse_move, 799, 97, 2, 3, 51]
[:mouse_move, 798, 99, 2, 4, 51]
[:mouse_move, 797, 102, 2, 5, 51]
[:mouse_move, 796, 105, 2, 6, 51]
[:mouse_move, 795, 110, 2, 7, 52]
[:mouse_move, 794, 115, 2, 8, 52]
[:mouse_move, 793, 118, 2, 9, 52]
[:mouse_move, 792, 123, 2, 10, 52]
[:mouse_move, 792, 127, 2, 11, 52]
[:mouse_move, 791, 130, 2, 12, 52]
[:mouse_move, 791, 131, 2, 13, 53]
[:mouse_move, 790, 132, 2, 14, 53]
[:mouse_move, 790, 133, 2, 15, 53]
[:mouse_move, 790, 135, 2, 16, 53]
[:mouse_move, 790, 136, 2, 17, 53]
[:mouse_move, 790, 137, 2, 18, 53]
[:mouse_move, 790, 138, 2, 19, 53]
[:mouse_move, 790, 140, 2, 20, 53]
[:mouse_move, 790, 143, 2, 21, 53]
[:mouse_move, 790, 146, 2, 22, 53]
[:mouse_move, 790, 148, 2, 23, 54]
[:mouse_move, 790, 150, 2, 24, 54]
[:mouse_move, 790, 152, 2, 25, 54]
[:mouse_move, 790, 156, 2, 26, 54]
[:mouse_move, 790, 159, 2, 27, 54]
[:mouse_move, 790, 161, 2, 28, 54]
[:mouse_move, 790, 163, 2, 29, 54]
[:mouse_move, 790, 165, 2, 30, 54]
[:mouse_move, 789, 167, 2, 31, 54]
[:mouse_move, 789, 169, 2, 32, 54]
[:mouse_move, 789, 173, 2, 33, 54]
[:mouse_move, 788, 180, 2, 34, 55]
[:mouse_move, 788, 184, 2, 35, 55]
[:mouse_move, 788, 187, 2, 36, 55]
[:mouse_move, 788, 188, 2, 37, 55]
[:mouse_move, 786, 190, 2, 38, 55]
[:mouse_move, 786, 192, 2, 39, 55]
[:mouse_move, 786, 195, 2, 40, 55]
[:mouse_move, 785, 197, 2, 41, 56]
[:mouse_move, 785, 198, 2, 42, 56]
[:mouse_move, 785, 200, 2, 43, 56]
[:mouse_move, 785, 203, 2, 44, 56]
[:mouse_move, 784, 206, 2, 45, 56]
[:mouse_move, 784, 209, 2, 46, 56]
[:mouse_move, 783, 212, 2, 47, 57]
[:mouse_move, 783, 214, 2, 48, 57]
[:mouse_move, 783, 215, 2, 49, 57]
[:mouse_move, 783, 216, 2, 50, 57]
[:mouse_move, 783, 217, 2, 51, 57]
[:mouse_move, 783, 218, 2, 52, 57]
[:mouse_move, 783, 219, 2, 53, 58]
[:mouse_move, 782, 219, 2, 54, 58]
[:mouse_move, 782, 220, 2, 55, 58]
[:mouse_move, 782, 221, 2, 56, 58]
[:mouse_move, 782, 222, 2, 57, 58]
[:mouse_move, 782, 223, 2, 58, 59]
[:mouse_move, 782, 225, 2, 59, 59]
[:mouse_move, 781, 227, 2, 60, 59]
[:mouse_move, 781, 228, 2, 61, 59]
[:mouse_move, 781, 230, 2, 62, 59]
[:mouse_move, 781, 232, 2, 63, 59]
[:mouse_move, 780, 234, 2, 64, 60]
[:mouse_move, 780, 238, 2, 65, 60]
[:mouse_move, 780, 241, 2, 66, 60]
[:mouse_move, 780, 243, 2, 67, 60]
[:mouse_move, 780, 245, 2, 68, 60]
[:mouse_move, 779, 250, 2, 69, 60]
[:mouse_move, 778, 255, 2, 70, 60]
[:mouse_move, 777, 258, 2, 71, 60]
[:mouse_move, 777, 259, 2, 72, 60]
[:mouse_move, 777, 261, 2, 73, 60]
[:mouse_move, 777, 262, 2, 74, 60]
[:mouse_move, 776, 262, 2, 75, 60]
[:mouse_move, 773, 272, 2, 76, 81]
[:mouse_move, 771, 278, 2, 77, 81]
[:mouse_move, 770, 281, 2, 78, 82]
[:mouse_move, 770, 284, 2, 79, 82]
[:mouse_move, 769, 286, 2, 80, 82]
[:mouse_move, 769, 288, 2, 81, 82]
[:mouse_move, 768, 290, 2, 82, 82]
[:mouse_move, 768, 291, 2, 83, 82]
[:mouse_move, 767, 295, 2, 84, 83]
[:mouse_move, 767, 297, 2, 85, 83]
[:mouse_move, 766, 299, 2, 86, 83]
[:mouse_move, 766, 301, 2, 87, 83]
[:mouse_move, 765, 305, 2, 88, 83]
[:mouse_move, 765, 310, 2, 89, 83]
[:mouse_move, 763, 313, 2, 90, 83]
[:mouse_move, 763, 316, 2, 91, 83]
[:mouse_move, 763, 318, 2, 92, 84]
[:mouse_move, 763, 320, 2, 93, 84]
[:mouse_move, 763, 322, 2, 94, 84]
[:mouse_move, 762, 323, 2, 95, 84]
[:mouse_move, 762, 326, 2, 96, 84]
[:mouse_move, 762, 330, 2, 97, 84]
[:mouse_move, 761, 334, 2, 98, 85]
[:mouse_move, 761, 336, 2, 99, 85]
[:mouse_move, 760, 341, 2, 100, 85]
[:mouse_move, 760, 343, 2, 101, 85]
[:mouse_move, 759, 345, 2, 102, 85]
[:mouse_move, 759, 346, 2, 103, 85]
[:mouse_move, 759, 347, 2, 104, 85]
[:mouse_move, 759, 348, 2, 105, 85]
[:mouse_move, 758, 349, 2, 106, 86]
[:mouse_move, 758, 350, 2, 107, 86]
[:mouse_move, 758, 353, 2, 108, 86]
[:mouse_move, 757, 354, 2, 109, 86]
[:mouse_move, 757, 355, 2, 110, 86]
[:mouse_move, 757, 357, 2, 111, 86]
[:mouse_move, 756, 361, 2, 112, 87]
[:mouse_move, 756, 363, 2, 113, 87]
[:mouse_move, 756, 365, 2, 114, 87]
[:mouse_move, 755, 366, 2, 115, 87]
[:mouse_move, 755, 367, 2, 116, 87]
[:mouse_move, 755, 368, 2, 117, 87]
[:mouse_move, 754, 369, 2, 118, 87]
[:mouse_move, 754, 370, 2, 119, 88]
[:mouse_move, 753, 371, 2, 120, 88]
[:mouse_move, 752, 372, 2, 121, 88]
[:mouse_move, 752, 373, 2, 122, 89]
[:mouse_move, 751, 374, 2, 123, 89]
[:mouse_move, 751, 375, 2, 124, 89]
[:mouse_move, 750, 376, 2, 125, 89]
[:mouse_move, 750, 377, 2, 126, 89]
[:mouse_move, 749, 378, 2, 127, 89]
[:mouse_move, 749, 379, 2, 128, 89]
[:mouse_move, 748, 380, 2, 129, 89]
[:mouse_move, 747, 383, 2, 130, 89]
[:mouse_move, 746, 385, 2, 131, 89]
[:mouse_move, 745, 389, 2, 132, 90]
[:mouse_move, 744, 391, 2, 133, 90]
[:mouse_move, 743, 392, 2, 134, 90]
[:mouse_move, 743, 393, 2, 135, 90]
[:mouse_move, 741, 394, 2, 136, 90]
[:mouse_move, 740, 395, 2, 137, 90]
[:mouse_move, 740, 396, 2, 138, 90]
[:mouse_move, 739, 397, 2, 139, 90]
[:mouse_move, 738, 398, 2, 140, 90]
[:mouse_move, 738, 399, 2, 141, 90]
[:mouse_move, 737, 400, 2, 142, 90]
[:mouse_move, 736, 401, 2, 143, 91]
[:mouse_move, 735, 403, 2, 144, 91]
[:mouse_move, 735, 405, 2, 145, 91]
[:mouse_move, 734, 405, 2, 146, 91]
[:mouse_move, 733, 406, 2, 147, 91]
[:mouse_move, 733, 407, 2, 148, 92]
[:mouse_move, 732, 408, 2, 149, 92]
[:mouse_move, 731, 409, 2, 150, 92]
[:mouse_move, 730, 411, 2, 151, 92]
[:mouse_move, 728, 414, 2, 152, 92]
[:mouse_move, 725, 418, 2, 153, 93]
[:mouse_move, 722, 421, 2, 154, 93]
[:mouse_move, 720, 423, 2, 155, 93]
[:mouse_move, 718, 425, 2, 156, 93]
[:mouse_move, 716, 426, 2, 157, 93]
[:mouse_move, 713, 429, 2, 158, 93]
[:mouse_move, 712, 430, 2, 159, 93]
[:mouse_move, 710, 431, 2, 160, 93]
[:mouse_move, 708, 434, 2, 161, 93]
[:mouse_move, 706, 436, 2, 162, 94]
[:mouse_move, 705, 437, 2, 163, 94]
[:mouse_move, 704, 438, 2, 164, 94]
[:mouse_move, 703, 438, 2, 165, 94]
[:mouse_move, 702, 439, 2, 166, 94]
[:mouse_move, 700, 441, 2, 167, 94]
[:mouse_move, 698, 443, 2, 168, 95]
[:mouse_move, 694, 445, 2, 169, 95]
[:mouse_move, 689, 451, 2, 170, 95]
[:mouse_move, 684, 457, 2, 171, 95]
[:mouse_move, 681, 461, 2, 172, 95]
[:mouse_move, 677, 464, 2, 173, 95]
[:mouse_move, 673, 466, 2, 174, 95]
[:mouse_move, 671, 468, 2, 175, 95]
[:mouse_move, 670, 469, 2, 176, 96]
[:mouse_move, 669, 470, 2, 177, 96]
[:mouse_move, 668, 470, 2, 178, 96]
[:mouse_move, 667, 471, 2, 179, 96]
[:mouse_move, 666, 471, 2, 180, 96]
[:mouse_move, 665, 474, 2, 181, 96]
[:mouse_move, 662, 477, 2, 182, 96]
[:mouse_move, 657, 480, 2, 183, 96]
[:mouse_move, 651, 483, 2, 184, 97]
[:mouse_move, 648, 486, 2, 185, 97]
[:mouse_move, 645, 487, 2, 186, 97]
[:mouse_move, 643, 489, 2, 187, 97]
[:mouse_move, 641, 490, 2, 188, 97]
[:mouse_move, 640, 490, 2, 189, 98]
[:mouse_move, 626, 493, 2, 190, 122]
[:mouse_move, 611, 499, 2, 191, 122]
[:mouse_move, 600, 504, 2, 192, 122]
[:mouse_move, 595, 507, 2, 193, 123]
[:mouse_move, 592, 508, 2, 194, 123]
[:mouse_move, 590, 509, 2, 195, 123]
[:mouse_move, 588, 510, 2, 196, 123]
[:mouse_move, 585, 511, 2, 197, 123]
[:mouse_move, 582, 511, 2, 198, 123]
[:mouse_move, 579, 512, 2, 199, 123]
[:mouse_move, 578, 512, 2, 200, 124]
[:mouse_move, 576, 513, 2, 201, 124]
[:mouse_move, 575, 513, 2, 202, 124]
[:mouse_move, 573, 513, 2, 203, 125]
[:mouse_move, 570, 514, 2, 204, 125]
[:mouse_move, 568, 514, 2, 205, 125]
[:mouse_move, 566, 514, 2, 206, 125]
[:mouse_move, 565, 515, 2, 207, 125]
[:mouse_move, 564, 515, 2, 208, 125]
[:mouse_move, 563, 515, 2, 209, 125]
[:mouse_move, 561, 515, 2, 210, 125]
[:mouse_move, 557, 516, 2, 211, 125]
[:mouse_move, 554, 516, 2, 212, 125]
[:mouse_move, 550, 518, 2, 213, 125]
[:mouse_move, 546, 520, 2, 214, 126]
[:mouse_move, 541, 522, 2, 215, 126]
[:mouse_move, 537, 522, 2, 216, 126]
[:mouse_move, 534, 523, 2, 217, 126]
[:mouse_move, 533, 524, 2, 218, 126]
[:mouse_move, 532, 524, 2, 219, 126]
[:mouse_move, 531, 524, 2, 220, 126]
[:mouse_move, 530, 525, 2, 221, 127]
[:mouse_move, 529, 525, 2, 222, 127]
[:mouse_move, 527, 526, 2, 223, 127]
[:mouse_move, 526, 527, 2, 224, 127]
[:mouse_move, 524, 527, 2, 225, 127]
[:mouse_move, 522, 528, 2, 226, 127]
[:mouse_move, 520, 529, 2, 227, 127]
[:mouse_move, 519, 529, 2, 228, 128]
[:mouse_move, 518, 530, 2, 229, 128]
[:mouse_move, 515, 530, 2, 230, 128]
[:mouse_move, 514, 531, 2, 231, 128]
[:mouse_move, 511, 532, 2, 232, 128]
[:mouse_move, 508, 533, 2, 233, 128]
[:mouse_move, 505, 534, 2, 234, 129]
[:mouse_move, 504, 535, 2, 235, 129]
[:mouse_move, 502, 535, 2, 236, 129]
[:mouse_move, 500, 536, 2, 237, 129]
[:mouse_move, 498, 537, 2, 238, 129]
[:mouse_move, 495, 538, 2, 239, 129]
[:mouse_move, 490, 540, 2, 240, 129]
[:mouse_move, 486, 542, 2, 241, 129]
[:mouse_move, 481, 543, 2, 242, 129]
[:mouse_move, 476, 544, 2, 243, 130]
[:mouse_move, 471, 544, 2, 244, 130]
[:mouse_move, 467, 545, 2, 245, 130]
[:mouse_move, 466, 545, 2, 246, 130]
[:mouse_move, 464, 546, 2, 247, 130]
[:mouse_move, 463, 546, 2, 248, 130]
[:mouse_move, 462, 546, 2, 249, 130]
[:mouse_move, 461, 547, 2, 250, 131]
[:mouse_move, 460, 547, 2, 251, 131]
[:mouse_move, 458, 547, 2, 252, 131]
[:mouse_move, 457, 547, 2, 253, 131]
[:mouse_move, 456, 548, 2, 254, 131]
[:mouse_move, 454, 548, 2, 255, 131]
[:mouse_move, 453, 548, 2, 256, 131]
[:mouse_move, 451, 548, 2, 257, 131]
[:mouse_move, 450, 548, 2, 258, 132]
[:mouse_move, 447, 548, 2, 259, 132]
[:mouse_move, 446, 548, 2, 260, 132]
[:mouse_move, 444, 548, 2, 261, 132]
[:mouse_move, 443, 549, 2, 262, 132]
[:mouse_move, 441, 549, 2, 263, 133]
[:mouse_move, 440, 549, 2, 264, 133]
[:mouse_move, 439, 549, 2, 265, 133]
[:mouse_move, 438, 549, 2, 266, 133]
[:mouse_move, 437, 550, 2, 267, 134]
[:mouse_move, 436, 550, 2, 268, 134]
[:mouse_move, 435, 550, 2, 269, 134]
[:mouse_move, 434, 550, 2, 270, 134]
[:mouse_move, 434, 551, 2, 271, 135]
[:mouse_move, 433, 551, 2, 272, 135]
[:mouse_move, 432, 551, 2, 273, 135]
[:mouse_move, 431, 551, 2, 274, 135]
[:mouse_move, 431, 552, 2, 275, 136]
[:mouse_move, 430, 552, 2, 276, 136]
[:mouse_move, 430, 553, 2, 277, 137]
[:mouse_move, 429, 553, 2, 278, 137]
[:mouse_move, 429, 554, 2, 279, 137]
[:mouse_move, 429, 555, 2, 280, 138]
[:mouse_move, 431, 556, 2, 281, 139]
[:mouse_move, 434, 556, 2, 282, 139]
[:mouse_move, 436, 556, 2, 283, 139]
[:mouse_move, 439, 556, 2, 284, 139]
[:mouse_move, 441, 556, 2, 285, 139]
[:mouse_move, 443, 556, 2, 286, 139]
[:mouse_move, 448, 556, 2, 287, 139]
[:mouse_move, 453, 556, 2, 288, 140]
[:mouse_move, 454, 556, 2, 289, 140]
[:mouse_move, 456, 556, 2, 290, 140]
[:mouse_move, 457, 556, 2, 291, 140]
[:mouse_move, 458, 556, 2, 292, 140]
[:mouse_move, 459, 556, 2, 293, 140]
[:mouse_move, 460, 557, 2, 294, 140]
[:mouse_move, 461, 557, 2, 295, 141]
[:mouse_move, 464, 557, 2, 296, 141]
[:mouse_move, 467, 557, 2, 297, 141]
[:mouse_move, 478, 558, 2, 298, 141]
[:mouse_move, 489, 558, 2, 299, 141]
[:mouse_move, 496, 558, 2, 300, 141]
[:mouse_move, 501, 558, 2, 301, 141]
[:mouse_move, 503, 559, 2, 302, 141]
[:mouse_move, 506, 559, 2, 303, 141]
[:mouse_move, 511, 560, 2, 304, 141]
[:mouse_move, 514, 560, 2, 305, 142]
[:mouse_move, 519, 560, 2, 306, 142]
[:mouse_move, 523, 560, 2, 307, 142]
[:mouse_move, 527, 560, 2, 308, 142]
[:mouse_move, 530, 561, 2, 309, 142]
[:mouse_move, 534, 561, 2, 310, 142]
[:mouse_move, 537, 561, 2, 311, 142]
[:mouse_move, 540, 561, 2, 312, 142]
[:mouse_move, 541, 561, 2, 313, 142]
[:mouse_move, 542, 561, 2, 314, 143]
[:mouse_move, 544, 561, 2, 315, 143]
[:mouse_move, 546, 561, 2, 316, 143]
[:mouse_move, 551, 561, 2, 317, 143]
[:mouse_move, 558, 561, 2, 318, 143]
[:mouse_move, 574, 561, 2, 319, 143]
[:mouse_move, 586, 561, 2, 320, 143]
[:mouse_move, 592, 561, 2, 321, 143]
[:mouse_move, 595, 561, 2, 322, 144]
[:mouse_move, 598, 561, 2, 323, 144]
[:mouse_move, 600, 563, 2, 324, 144]
[:mouse_move, 602, 563, 2, 325, 144]
[:mouse_move, 606, 564, 2, 326, 144]
[:mouse_move, 611, 565, 2, 327, 144]
[:mouse_move, 616, 565, 2, 328, 144]
[:mouse_move, 620, 566, 2, 329, 144]
[:mouse_move, 624, 566, 2, 330, 145]
[:mouse_move, 628, 566, 2, 331, 145]
[:mouse_move, 631, 567, 2, 332, 145]
[:mouse_move, 632, 567, 2, 333, 145]
[:mouse_move, 633, 567, 2, 334, 145]
[:mouse_move, 634, 568, 2, 335, 145]
[:mouse_move, 636, 568, 2, 336, 145]
[:mouse_move, 637, 568, 2, 337, 146]
[:mouse_move, 638, 568, 2, 338, 146]
[:mouse_move, 639, 568, 2, 339, 146]
[:mouse_move, 642, 568, 2, 340, 146]
[:mouse_move, 645, 568, 2, 341, 146]
[:mouse_move, 654, 568, 2, 342, 146]
[:mouse_move, 660, 568, 2, 343, 146]
[:mouse_move, 664, 568, 2, 344, 146]
[:mouse_move, 665, 568, 2, 345, 146]
[:mouse_move, 666, 568, 2, 346, 147]
[:mouse_move, 667, 568, 2, 347, 147]
[:mouse_move, 668, 568, 2, 348, 147]
[:mouse_move, 669, 568, 2, 349, 147]
[:mouse_move, 670, 568, 2, 350, 147]
[:mouse_move, 671, 568, 2, 351, 147]
[:mouse_move, 673, 569, 2, 352, 147]
[:mouse_move, 675, 569, 2, 353, 148]
[:mouse_move, 677, 569, 2, 354, 148]
[:mouse_move, 679, 570, 2, 355, 148]
[:mouse_move, 680, 570, 2, 356, 148]
[:mouse_move, 682, 570, 2, 357, 148]
[:mouse_move, 683, 570, 2, 358, 148]
[:mouse_move, 684, 570, 2, 359, 148]
[:mouse_move, 685, 570, 2, 360, 148]
[:mouse_move, 686, 570, 2, 361, 148]
[:mouse_move, 687, 570, 2, 362, 149]
[:mouse_move, 688, 570, 2, 363, 149]
[:mouse_move, 689, 570, 2, 364, 149]
[:mouse_move, 690, 570, 2, 365, 149]
[:mouse_move, 690, 571, 2, 366, 149]
[:mouse_move, 691, 571, 2, 367, 149]
[:mouse_move, 692, 571, 2, 368, 186]
[:mouse_move, 693, 571, 2, 369, 187]
[:mouse_move, 698, 571, 2, 370, 187]
[:mouse_move, 701, 571, 2, 371, 187]
[:mouse_move, 703, 571, 2, 372, 187]
[:mouse_move, 704, 571, 2, 373, 187]
[:mouse_move, 705, 571, 2, 374, 187]
[:mouse_move, 706, 571, 2, 375, 187]
[:mouse_move, 707, 571, 2, 376, 187]
[:mouse_move, 708, 571, 2, 377, 187]
[:mouse_move, 709, 571, 2, 378, 187]
[:mouse_move, 711, 571, 2, 379, 188]
[:mouse_move, 712, 571, 2, 380, 188]
[:mouse_move, 713, 571, 2, 381, 188]
[:mouse_move, 714, 571, 2, 382, 188]
[:mouse_move, 715, 571, 2, 383, 188]
[:mouse_move, 717, 571, 2, 384, 188]
[:mouse_move, 718, 571, 2, 385, 188]
[:mouse_move, 720, 571, 2, 386, 189]
[:mouse_move, 721, 571, 2, 387, 189]
[:mouse_move, 722, 571, 2, 388, 189]
[:mouse_move, 724, 571, 2, 389, 189]
[:mouse_move, 725, 571, 2, 390, 189]
[:mouse_move, 726, 571, 2, 391, 189]
[:mouse_move, 727, 571, 2, 392, 190]
[:mouse_move, 728, 571, 2, 393, 190]
[:mouse_move, 729, 571, 2, 394, 191]
[:mouse_move, 727, 571, 2, 395, 197]
[:mouse_move, 723, 572, 2, 396, 197]
[:mouse_move, 718, 574, 2, 397, 198]
[:mouse_move, 716, 575, 2, 398, 198]
[:mouse_move, 714, 576, 2, 399, 198]
[:mouse_move, 711, 576, 2, 400, 198]
[:mouse_move, 708, 576, 2, 401, 198]
[:mouse_move, 704, 576, 2, 402, 198]
[:mouse_move, 699, 576, 2, 403, 198]
[:mouse_move, 693, 576, 2, 404, 198]
[:mouse_move, 688, 576, 2, 405, 199]
[:mouse_move, 683, 577, 2, 406, 199]
[:mouse_move, 680, 578, 2, 407, 199]
[:mouse_move, 678, 578, 2, 408, 199]
[:mouse_move, 676, 578, 2, 409, 199]
[:mouse_move, 675, 578, 2, 410, 199]
[:mouse_move, 673, 578, 2, 411, 199]
[:mouse_move, 672, 578, 2, 412, 199]
[:mouse_move, 671, 578, 2, 413, 199]
[:mouse_move, 670, 578, 2, 414, 199]
[:mouse_move, 669, 578, 2, 415, 199]
[:mouse_move, 668, 578, 2, 416, 199]
[:mouse_move, 666, 578, 2, 417, 199]
[:mouse_move, 664, 579, 2, 418, 199]
[:mouse_move, 661, 579, 2, 419, 199]
[:mouse_move, 658, 579, 2, 420, 199]
[:mouse_move, 651, 580, 2, 421, 199]
[:mouse_move, 645, 581, 2, 422, 200]
[:mouse_move, 642, 581, 2, 423, 200]
[:mouse_move, 639, 582, 2, 424, 200]
[:mouse_move, 635, 582, 2, 425, 200]
[:mouse_move, 630, 582, 2, 426, 200]
[:mouse_move, 625, 583, 2, 427, 200]
[:mouse_move, 622, 583, 2, 428, 200]
[:mouse_move, 619, 583, 2, 429, 200]
[:mouse_move, 615, 583, 2, 430, 201]
[:mouse_move, 611, 585, 2, 431, 201]
[:mouse_move, 608, 585, 2, 432, 201]
[:mouse_move, 605, 585, 2, 433, 201]
[:mouse_move, 604, 585, 2, 434, 201]
[:mouse_move, 603, 585, 2, 435, 201]
[:mouse_move, 602, 585, 2, 436, 201]
[:mouse_move, 601, 585, 2, 437, 201]
[:mouse_move, 600, 585, 2, 438, 201]
[:mouse_move, 599, 585, 2, 439, 202]
[:mouse_move, 597, 585, 2, 440, 202]
[:mouse_move, 596, 585, 2, 441, 202]
[:mouse_move, 594, 585, 2, 442, 202]
[:mouse_move, 593, 585, 2, 443, 202]
[:mouse_move, 591, 585, 2, 444, 202]
[:mouse_move, 588, 585, 2, 445, 202]
[:mouse_move, 586, 585, 2, 446, 202]
[:mouse_move, 583, 585, 2, 447, 203]
[:mouse_move, 582, 585, 2, 448, 203]
[:mouse_move, 581, 585, 2, 449, 203]
[:mouse_move, 580, 585, 2, 450, 203]
[:key_down_raw, 96, 4096, 2, 451, 256]
[:key_up_raw, 96, 4096, 2, 452, 259]
[:key_down_raw, 13, 4096, 2, 453, 320]
